0.000000 -0.005002
12.499612 0.002638
14.582912 0.002561
14.982912 0.002564
17.066212 0.002678
29.565824 0.003363
31.649124 0.003477
32.049124 0.003474
34.132424 0.003328
46.632035 0.002449
48.715335 0.002302
49.115335 0.002291
51.198635 0.002316
63.698247 0.002468
65.781547 0.002494
66.181547 0.002481
68.264847 0.002319
80.764459 0.001352
82.847759 0.001190
83.247759 0.001168
85.331059 0.001095
97.830671 0.000657
99.913971 0.000584
100.313971 0.000565
102.397271 0.000449
114.896882 -0.000248
116.980182 -0.000364
117.380182 -0.000389
119.463482 -0.000533
131.963094 -0.001399
134.046394 -0.001543
134.446394 -0.001560
136.529694 -0.001587
149.029306 -0.001754
151.112606 -0.001782
151.512606 -0.001800
153.595906 -0.001962
166.095518 -0.002934
168.178818 -0.003096
168.578818 -0.003104
170.662118 -0.003034
183.161729 -0.002610
185.245029 -0.002539
185.645029 -0.002544
187.728329 -0.002664
200.227941 -0.003380
202.311241 -0.003500
202.711241 -0.003498
204.794541 -0.003355
217.294153 -0.002499
219.377453 -0.002356
219.777453 -0.002346
221.860753 -0.002379
234.360365 -0.002577
236.443665 -0.002610
236.843665 -0.002598
238.926965 -0.002436
251.426577 -0.001464
253.509877 -0.001302
253.909877 -0.001280
255.993177 -0.001215
268.492788 -0.000822
270.576088 -0.000757
270.976088 -0.000739
273.059388 -0.000617
285.559000 0.000112
287.642300 0.000233
288.042300 0.000259
290.125600 0.000398
302.625212 0.001237
304.708512 0.001377
305.108512 0.001394
307.191812 0.001430
319.691424 0.001648
321.774724 0.001684
322.174724 0.001703
324.258024 0.001866
336.757635 0.002842
338.840935 0.003004
339.240935 0.003014
341.324235 0.002951
353.823847 0.002575
355.907147 0.002512
356.307147 0.002518
358.390447 0.002643
370.890059 0.003395
372.973359 0.003520
373.373359 0.003519
375.456659 0.003380
387.956271 0.002548
390.039571 0.002410
390.439571 0.002400
392.522871 0.002442
405.022482 0.002689
407.105782 0.002730
407.505782 0.002719
409.589082 0.002555
422.088694 0.001577
424.171994 0.001414
424.571994 0.001392
426.655294 0.001334
439.154906 0.000985
441.238206 0.000927
441.638206 0.000909
443.721506 0.000782
456.221118 0.000021
458.304418 -0.000106
458.704418 -0.000131
460.787718 -0.000267
473.287330 -0.001082
475.370630 -0.001218
475.770630 -0.001235
477.853930 -0.001279
490.353541 -0.001541
492.436841 -0.001585
492.836841 -0.001605
494.920141 -0.001768
507.419753 -0.002746
509.503053 -0.002909
509.903053 -0.002919
511.986353 -0.002864
524.485965 -0.002531
526.569265 -0.002476
526.969265 -0.002483
529.052565 -0.002613
541.552177 -0.003393
543.635477 -0.003523
544.035477 -0.003522
546.118777 -0.003388
558.618388 -0.002585
560.701688 -0.002451
561.101688 -0.002443
563.184988 -0.002492
575.684600 -0.002786
577.767900 -0.002835
578.167900 -0.002824
580.251200 -0.002661
592.750812 -0.001683
594.834112 -0.001520
595.234112 -0.001500
597.317412 -0.001449
609.817024 -0.001149
611.900324 -0.001099
612.300324 -0.001081
614.383624 -0.000950
626.883236 -0.000158
628.966536 -0.000026
629.366536 -0.000001
631.449836 0.000130
643.949447 0.000915
646.032747 0.001046
646.432747 0.001064
648.516047 0.001116
661.015659 0.001428
663.098959 0.001480
663.498959 0.001500
665.582259 0.001664
678.081871 0.002644
680.165171 0.002807
680.565171 0.002818
682.648471 0.002770
695.148083 0.002485
697.231383 0.002438
697.631383 0.002446
699.714683 0.002581
712.214294 0.003392
714.297594 0.003527
714.697594 0.003528
716.780894 0.003398
729.280506 0.002621
731.363806 0.002492
731.763806 0.002485
733.847106 0.002542
746.346718 0.002882
748.430018 0.002938
748.830018 0.002928
750.913318 0.002765
763.412930 0.001786
765.496230 0.001623
765.896230 0.001603
767.979530 0.001560
780.479141 0.001304
782.562441 0.001261
782.962441 0.001244
785.045741 0.001108
797.545353 0.000289
799.628653 0.000153
800.028653 0.000128
802.111953 0.000002
814.611565 -0.006209
816.694865 -0.005877
817.094865 -0.005771
819.178165 -0.005002
